GAIA-REAL-IMAGE-ORDEAL v1
weights_sha256=55720b4592ba2c088844172d49a84ce9bfbf73ade92184b3b32a7e65cd2340ce
status=PASS
resid_still=0.034868
sparkle_still=35.807292
tvar_still=0.000030
resid_move=0.036704
ghost_excess=0.000000
